Chr,Marker,cM Int,cM Pos,Mb,,,,,,
1,nga59,0,0,8643,,,,,,
1,44606354,4.88,4.88,1042028,,,,,,
1,1149096,1.81,6.68,1149280,,,,,,
1,t1g11,3.45,10.14,1243352,,,,,,
1,1601885,3.41,13.55,1602136,,,,,,
1,NGA63,5.91,19.46,3224558,,,,,,
1,44607315,4.68,24.14,3678179,,,,,,
1,4142402,4.33,28.47,4142539,,,,,,
1,5206479,3.16,31.64,5206767,,,,,,
1,5922974,1.53,33.17,5923041,,,,,,
1,21607615,0.00,34.98,8682419,,,,,,
1,44606476,1.81,34.98,6290164,,,,,,
1,AthZFPG,0.00,34.98,8727055,,,,,,
1,NGA248,5.58,40.55,9887359,,,,,,
1,10423483,6.05,46.61,10423708,,,,,,
1,10719833,2.69,49.30,10720273,,,,,,
1,12357044,7.65,56.95,12357583,,,,,,
1,44607963,14.95,71.90,13395451,,,,,,
1,21607540,2.82,74.72,15633694,,,,,,
1,T27K12,2.90,77.62,15926702,,,,,,
1,16874305,12.07,89.69,16874727,,,,,,
1,21607065,7.52,97.21,17252372,,,,,,
1,17355484,4.95,102.16,17355738,,,,,,
1,44607152,6.62,108.77,18433043,,,,,,
1,21607057,3.05,111.83,19505630,,,,,,
1,nga280,8.16,119.99,20877447,,,,,,
1,21606928,4.18,124.16,21079875,,,,,,
1,21607463,3.90,128.07,22387873,,,,,,
1,23381443,4.68,132.75,23381760,,,,,,
1,24071203,2.58,135.33,24071689,,,,,,
1,24292482,1.00,136.33,24292774,,,,,,
1,21607700,4.39,140.71,24794774,,,,,,
1,25717715,6.36,147.08,25717887,,,,,,
1,msat1.1.3,2.04,149.12,25827433,,,,,,
1,44606525,6.99,156.11,26849216,,,,,,
1,21607030,1.83,157.94,27649784,,,,,,
1,NGA692,1.72,159.66,28841544,,,,,,
1,FLM,0.48,160.14,28957467,,,,,,
1,30213917,4.27,164.41,30214313,,,,,,
2,MSAT2.5,0.00,0.00,208178,,,,,,
2,nga1145,7.56,7.56,683625,,,,,,
2,44606322,2.74,10.30,839342,,,,,,
2,CIW2,2.63,12.93,1194603,,,,,,
2,MSAT2.38,8.52,21.45,2457014,,,,,,
2,2477306,1.12,22.57,2477756,,,,,,
2,44606142,6.99,29.56,3541213,,,,,,
2,5020871,5.43,34.99,5021020,,,,,,
2,5803805,0.50,35.49,5804076,,,,,,
2,CIW3,8.09,43.58,6409928,,,,,,
2,6499196,3.38,46.96,6499679,,,,,,
2,21607259,2.03,48.99,6654153,,,,,,
2,7072571,7.52,56.51,7072955,,,,,,
2,THY-1,3.94,60.45,7089123,,,,,,
2,PHYB,9.03,69.47,8146713,,,,,,
2,44607727,4.95,74.42,8370574,,,,,,
2,8749828,4.42,78.84,8750047,,,,,,
2,PLS7,2.47,81.31,9813750,,,,,,
2,10566416,8.84,90.15,10566917,,,,,,
2,MSAT2.41,5.25,95.41,11095452,,,,,,
2,nga1126,1.08,96.48,11703563,,,,,,
2,44607824,5.43,101.91,12435063,,,,,,
2,12658576,2.60,104.51,12658862,,,,,,
2,MSAT2.7,5.44,109.95,13192607,,,,,,
2,13265029,3.34,113.29,13265124,,,,,,
2,21607157,3.71,117.00,14696923,,,,,,
2,nga168,3.29,120.29,16298919,,,,,,
2,44607922,5.58,125.87,16837084,,,,,,
2,44606769,3.05,128.92,18602635,,,,,,
2,44606533,2.38,131.31,19601674,,,,,,
2,90J19T7,12.14,143.44,19545874,,,,,,
3,nga32,0.00,0.00,37362,,,,,,
3,21607479,1.97,1.97,580026,,,,,,
3,2072648,5.95,7.92,2072780,,,,,,
3,2231413,0.00,7.92,2231938,,,,,,
3,2236406,0.00,7.92,2236458,,,,,,
3,44606607,2.44,10.36,2967832,,,,,,
3,ATCHIB2,3.05,13.42,3963391,,,,,,
3,21607175,1.19,14.61,5140793,,,,,,
3,5235221,2.50,17.11,5235571,,,,,,
3,6890596,3.73,20.84,6890665,,,,,,
3,44607087,1.90,22.74,7307668,,,,,,
3,7391896,0.63,23.36,7392098,,,,,,
3,9747158,13.80,37.17,9747261,,,,,,
3,44606721,5.02,42.18,10055557,,,,,,
3,GL1,5.95,48.13,10361870,,,,,,
3,21607496,6.37,54.50,11192052,,,,,,
3,11398071,2.47,56.98,11398207,,,,,,
3,T04109,16.55,73.53,13596040,,,,,,
3,44606387,15.33,88.85,15879997,,,,,,
3,16489217,2.11,90.96,16489589,,,,,,
3,21607683,3.96,94.92,17381234,,,,,,
3,44606330,9.99,104.91,18779784,,,,,,
3,R30025,4.74,109.65,18948842,,,,,,
3,18980171,7.31,116.96,18980664,,,,,,
3,21632379,8.41,125.37,21632608,,,,,,
3,44606273,5.02,130.39,22787414,,,,,,
3,nga6,2.86,133.25,23042025,,,,,,
4,MSAT4.39,0.00,0.00,89498,,,,,,
4,FRI,2.58,2.58,269892,,,,,,
4,CIW5,6.71,9.29,737954,,,,,,
4,44608028,3.67,12.95,1144876,,,,,,
4,44606623,3.67,16.62,2440917,,,,,,
4,44607955,8.18,24.80,5591100,,,,,,
4,NGA8,3.17,27.97,5628810,,,,,,
4,7077771,0.00,34.32,7077926,,,,,,
4,MSAT4.25,6.36,34.32,6975907,,,,,,
4,CD69,9.07,43.39,8699750,,,,,,
4,9213072,5.50,48.90,9213312,,,,,,
4,21607513,4.56,53.45,9376858,,,,,,
4,9579976,4.50,57.95,9580049,,,,,,
4,44607545,2.11,60.06,10482038,,,,,,
4,11325921,3.77,63.83,11326190,,,,,,
4,11579700,0.52,64.35,11580143,,,,,,
4,MSAT4.18,2.72,67.07,11966304,,,,,,
4,11984495,2.02,69.09,11984772,,,,,,
4,12403706,0.53,69.62,12404111,,,,,,
4,21607184,3.85,73.48,13078113,,,,,,
4,44606289,4.89,78.37,14935788,,,,,,
4,15764920,3.76,82.13,15765120,,,,,,
4,MSAT4.9,3.99,86.11,15790523,,,,,,
4,NGA1139,2.75,88.86,16444155,,,,,,
4,17038096,3.10,91.96,17038400,,,,,,
4,44606688,3.67,95.63,17257880,,,,,,
4,MSAT4.33,3.38,99.01,17611370,,,,,,
4,nga1107,9.74,108.75,18096131,,,,,,
4,MSAT4.37,8.84,117.59,18336495,,,,,,
4,18560103,2.25,119.84,18560343,,,,,,
5,44607046,0.00,0.00,476340,,,,,,
5,625179,7.39,7.39,625679,,,,,,
5,1213621,6.07,13.46,1214057,,,,,,
5,1496987,1.58,15.04,1497133,,,,,,
5,nga225,3.67,18.70,1507104,,,,,,
5,44607234,5.32,24.03,1586121,,,,,,
5,1931083,4.74,28.77,1931167,,,,,,
5,NGA249,9.37,38.14,2770217,,,,,,
5,21607402,0.65,38.79,2899849,,,,,,
5,3606683,6.80,45.59,3606967,,,,,,
5,44606159,5.15,50.73,4235132,,,,,,
5,44607242,1.85,52.59,5318924,,,,,,
5,6707732,6.62,59.20,6708014,,,,,,
5,msat5.14,5.38,64.58,7498509,,,,,,
5,44606696,2.67,67.25,7842900,,,,,,
5,nga139,6.46,73.71,8428136,,,,,,
5,21607148,9.39,83.11,9447889,,,,,,
5,44607668,5.80,88.90,13272250,,,,,,
5,msat5.22,6.86,95.77,13961061,,,,,,
5,44606338,2.94,98.71,14215995,,,,,,
5,15065018,11.39,110.10,15065196,,,,,,
5,15767914,1.53,111.63,15767945,,,,,,
5,44606452,6.89,118.52,16259147,,,,,,
5,CIW9,2.94,121.46,17061229,,,,,,
5,17171242,3.17,124.63,17171676,,,,,,
5,MSAT5.9,0.52,125.15,17252309,,,,,,
5,44607767,3.05,128.21,18258413,,,,,,
5,19315950,5.43,133.63,19316200,,,,,,
5,NGA129,3.81,137.45,20133116,,,,,,
5,20915132,2.66,140.11,20915321,,,,,,
5,msat5.12,6.20,146.31,21424928,,,,,,
5,44607995,6.05,152.37,22116605,,,,,,
5,22414510,2.08,154.45,22414941,,,,,,
5,44606509,5.87,160.32,23114998,,,,,,
5,LFY3,8.04,168.36,24860583,,,,,,
5,25301036,4.13,172.49,25301234,,,,,,
5,MAF2KE,3.13,175.62,25987193,,,,,,
5,M555,4.80,180.42,26983395,,,,,,
,,,,,,,,,,